set NODES := 1 2 3 4 5 6 7 8 9 10 11;
set ARCS := (1, 2) (1, 10)
            (2, 3) (2, 10)
            (3, 4) (3, 10) 
            (4, 5) (4, 10)
            (6, 2)
            (7, 3)
            (8, 4)
            (9, 5)
            (10, 6) (10, 7) (10, 8) (10, 9) (10, 11);

param b :=
      1  2500
      2  .
      3  .
      4  .
      5  -2500
      6  .
      7  .
      8  .
      9  .
      10 .
      11 .;

param    c:=
[1, 2]   .
[1, 10]  .
[2, 3]   .
[2, 10]  .
[3, 4]   .
[3, 10]  .
[4, 5]   .
[4, 10]  .
[6, 2]   .
[7, 3]   .
[8, 4]   .
[9, 5]   .
[10, 6]  .
[10, 7]  .
[10, 8]  .
[10, 9]  .
[10, 11] 1.;

param    l:=
[1, 2]   .
[1, 10]  2000.0
[2, 3]   .
[2, 10]  2500.0
[3, 4]   .
[3, 10]  2800.0
[4, 5]   .
[4, 10]  2500.0
[6, 2]   .
[7, 3]   .
[8, 4]   .
[9, 5]   .
[10, 6]  .
[10, 7]  .
[10, 8]  .
[10, 9]  .
[10, 11] .;

param u:=
[1, 2]   .
[1, 10]  3000.0
[2, 3]   .
[2, 10]  3000.0
[3, 4]   .
[3, 10]  5000.0
[4, 5]   .
[4, 10]  5000.0
[6, 2]   7500.0
[7, 3]   9000.0
[8, 4]   8500.0
[9, 5]   9200.0
[10, 6]  .
[10, 7]  .
[10, 8]  .
[10, 9]  .
[10, 11] .;

param mu :=
[1, 2]   .94
[1, 10]  38.0 
[2, 3]   .94
[2, 10]  40.0
[3, 4]   .94
[3, 10]  42.0
[4, 5]   .94
[4, 10]  42.0
[6, 2]   .45
[7, 3]   .45
[8, 4]   .45
[9, 5]   .45
[10, 6]  .4
[10, 7]  .4
[10, 8]  .33333333
[10, 9]  .28571429
[10, 11] 0;